image_width: 1920
image_height: 1080
camera_name: front_camera
camera_matrix:
  rows: 3
  cols: 3
  data: [1382.376850139832, 0, 972.7052601725567, 0, 1385.134209359889, 565.9753800299803, 0, 0, 1]
distortion_model: plumb_bob
distortion_coefficients:
  rows: 1
  cols: 5
  data: [0.1088105562903748, -0.1736435302751685, -0.0004651310964606332, -0.0025306215967112, 0]
rectification_matrix:
  rows: 3
  cols: 3
  data: [1, 0, 0, 0, 1, 0, 0, 0, 1]
projection_matrix:
  rows: 3
  cols: 4
  data: [1399.408081054688, 0, 967.6811071027623, 0, 0, 1409.450439453125, 564.9794659789477, 0, 0, 0, 1, 0]
