image_width: 1920
image_height: 1080
camera_name: right_camera
camera_matrix:
  rows: 3
  cols: 3
  data: [1370.72763903986, 0, 974.022074449757, 0, 1373.079374439692, 551.005820976879, 0, 0, 1]
distortion_model: plumb_bob
distortion_coefficients:
  rows: 1
  cols: 5
  data: [0.1002333571343947, -0.1546810586697371, 0.001404399929341814, 6.758770186823694e-05, 0]
rectification_matrix:
  rows: 3
  cols: 3
  data: [1, 0, 0, 0, 1, 0, 0, 0, 1]
projection_matrix:
  rows: 3
  cols: 4
  data: [1387.0888671875, 0, 974.3178821041365, 0, 0, 1393.537841796875, 551.5968651182411, 0, 0, 0, 1, 0]
